Genre,Mood
27,-2
28 27,-2
12 27,-2
16 27,-2
35 27,-2
80 27,-2
99 27,-2
18 27,-2
10751 27,-2
14 27,-2
36 27,-2
27 27,-2
10402 27,-2
9648 27,-2
10749 27,-2
878 27,-2
10770 27,-2
53 27,-2
10752 27,-2
37 27,-2
18,-1
28 18,-1
12 18,-1
16 18,-1
35 18,-1
80 18,-1
99 18,-1
18 18,-1
10751 18,-1
14 18,-1
36 18,-1
18 18,-1
10402 18,-1
9648 18,-1
10749 18,-1
878 18,-1
10770 18,-1
53 18,-1
10752 18,-1
37 18,-1
35,1
28 35,1
12 35,1
16 35,1
35 35,1
80 35,1
99 35,1
35 35,1
10751 35,1
14 35,1
36 35,1
35 35,1
10402 35,1
9648 35,1
10749 35,1
878 35,1
10770 35,1
53 35,1
10752 35,1
37 35,1
10749,2
28 10749,2
12 10749,2
16 10749,2
10749 10749,2
80 10749,2
99 10749,2
10749 10749,2
10751 10749,2
14 10749,2
36 10749,2
10749 10749,2
10402 10749,2
9648 10749,2
10749 10749,2
878 10749,2
10770 10749,2
53 10749,2
10752 10749,2
37 10749,2